xof 0303txt 0032
template XSkinMeshHeader {
 <3cf169ce-ff7c-44ab-93c0-f78f62d172e2>
 WORD nMaxSkinWeightsPerVertex;
 WORD nMaxSkinWeightsPerFace;
 WORD nBones;
}

template VertexDuplicationIndices {
 <b8d65549-d7c9-4995-89cf-53a9a8b031e3>
 DWORD nIndices;
 DWORD nOriginalVertices;
 array DWORD indices[nIndices];
}

template SkinWeights {
 <6f0d123b-bad2-4167-a0d0-80224f25fabb>
 STRING transformNodeName;
 DWORD nWeights;
 array DWORD vertexIndices[nWeights];
 array FLOAT weights[nWeights];
 Matrix4x4 matrixOffset;
}

template FVFData {
 <b6e70a0e-8ef9-4e83-94ad-ecc8b0c04897>
 DWORD dwFVF;
 DWORD nDWords;
 array DWORD data[nDWords];
}

template EffectInstance {
 <e331f7e4-0559-4cc2-8e99-1cec1657928f>
 STRING EffectFilename;
 [...]
}

template EffectParamFloats {
 <3014b9a0-62f5-478c-9b86-e4ac9f4e418b>
 STRING ParamName;
 DWORD nFloats;
 array FLOAT Floats[nFloats];
}

template EffectParamString {
 <1dbc4c88-94c1-46ee-9076-2c28818c9481>
 STRING ParamName;
 STRING Value;
}

template EffectParamDWord {
 <e13963bc-ae51-4c5d-b00f-cfa3a9d97ce5>
 STRING ParamName;
 DWORD Value;
}


Frame Cylinder01 {
 

 FrameTransformMatrix {
  0.582027,-0.813169,0.000000,0.000000,-0.049131,-0.035166,0.998173,0.000000,-0.811683,-0.580964,-0.060419,0.000000,0.354477,1.534851,0.000000,1.000000;;
 }

 Frame {
  

  FrameTransformMatrix {
   1.000000,0.000000,-0.000000,0.000000,0.000000,1.000000,-0.000000,0.000000,-0.000000,-0.000000,1.000000,0.000000,0.000000,0.000000,0.000000,1.000000;;
  }

  Mesh  {
   116;
   0.000000;0.000000;0.000000;,
   2.109582;0.000000;0.000000;,
   1.982359;0.721520;0.000000;,
   1.616034;1.356014;0.000000;,
   1.054791;1.826952;0.000000;,
   0.366325;2.077533;0.000000;,
   -0.366325;2.077533;0.000000;,
   -1.054791;1.826952;0.000000;,
   -1.616034;1.356013;0.000000;,
   -1.982359;0.721520;0.000000;,
   -2.109582;0.000000;0.000000;,
   -1.982359;-0.721519;0.000000;,
   -1.616034;-1.356013;0.000000;,
   -1.054792;-1.826952;0.000000;,
   -0.366326;-2.077533;0.000000;,
   0.366324;-2.077533;0.000000;,
   1.054790;-1.826953;0.000000;,
   1.616033;-1.356014;0.000000;,
   1.982359;-0.721521;0.000000;,
   2.109582;0.000000;1.727455;,
   1.982359;0.721520;1.727455;,
   1.616034;1.356014;1.727455;,
   1.054791;1.826952;1.727455;,
   0.366325;2.077533;1.727455;,
   -0.366325;2.077533;1.727455;,
   -1.054791;1.826952;1.727455;,
   -1.616034;1.356013;1.727455;,
   -1.982359;0.721520;1.727455;,
   -2.109582;0.000000;1.727455;,
   -1.982359;-0.721519;1.727455;,
   -1.616034;-1.356013;1.727455;,
   -1.054792;-1.826952;1.727455;,
   -0.366326;-2.077533;1.727455;,
   0.366324;-2.077533;1.727455;,
   1.054790;-1.826953;1.727455;,
   1.616033;-1.356014;1.727455;,
   1.982359;-0.721521;1.727455;,
   2.109582;0.000000;3.454911;,
   1.982359;0.721520;3.454911;,
   1.616034;1.356014;3.454911;,
   1.054791;1.826952;3.454911;,
   0.366325;2.077533;3.454911;,
   -0.366325;2.077533;3.454911;,
   -1.054791;1.826952;3.454911;,
   -1.616034;1.356013;3.454911;,
   -1.982359;0.721520;3.454911;,
   -2.109582;0.000000;3.454911;,
   -1.982359;-0.721519;3.454911;,
   -1.616034;-1.356013;3.454911;,
   -1.054792;-1.826952;3.454911;,
   -0.366326;-2.077533;3.454911;,
   0.366324;-2.077533;3.454911;,
   1.054790;-1.826953;3.454911;,
   1.616033;-1.356014;3.454911;,
   1.982359;-0.721521;3.454911;,
   2.109582;0.000000;5.182366;,
   1.982359;0.721520;5.182366;,
   1.616034;1.356014;5.182366;,
   1.054791;1.826952;5.182366;,
   0.366325;2.077533;5.182366;,
   -0.366325;2.077533;5.182366;,
   -1.054791;1.826952;5.182366;,
   -1.616034;1.356013;5.182366;,
   -1.982359;0.721520;5.182366;,
   -2.109582;0.000000;5.182366;,
   -1.982359;-0.721519;5.182366;,
   -1.616034;-1.356013;5.182366;,
   -1.054792;-1.826952;5.182366;,
   -0.366326;-2.077533;5.182366;,
   0.366324;-2.077533;5.182366;,
   1.054790;-1.826953;5.182366;,
   1.616033;-1.356014;5.182366;,
   1.982359;-0.721521;5.182366;,
   2.109582;0.000000;6.909822;,
   1.982359;0.721520;6.909822;,
   1.616034;1.356014;6.909822;,
   1.054791;1.826952;6.909822;,
   0.366325;2.077533;6.909822;,
   -0.366325;2.077533;6.909822;,
   -1.054791;1.826952;6.909822;,
   -1.616034;1.356013;6.909822;,
   -1.982359;0.721520;6.909822;,
   -2.109582;0.000000;6.909822;,
   -1.982359;-0.721519;6.909822;,
   -1.616034;-1.356013;6.909822;,
   -1.054792;-1.826952;6.909822;,
   -0.366326;-2.077533;6.909822;,
   0.366324;-2.077533;6.909822;,
   1.054790;-1.826953;6.909822;,
   1.616033;-1.356014;6.909822;,
   1.982359;-0.721521;6.909822;,
   2.109582;0.000000;8.637277;,
   1.982359;0.721520;8.637277;,
   1.616034;1.356014;8.637277;,
   1.054791;1.826952;8.637277;,
   0.366325;2.077533;8.637277;,
   -0.366325;2.077533;8.637277;,
   -1.054791;1.826952;8.637277;,
   -1.616034;1.356013;8.637277;,
   -1.982359;0.721520;8.637277;,
   -2.109582;0.000000;8.637277;,
   -1.982359;-0.721519;8.637277;,
   -1.616034;-1.356013;8.637277;,
   -1.054792;-1.826952;8.637277;,
   -0.366326;-2.077533;8.637277;,
   0.366324;-2.077533;8.637277;,
   1.054790;-1.826953;8.637277;,
   1.616033;-1.356014;8.637277;,
   1.982359;-0.721521;8.637277;,
   0.000000;0.000000;8.637277;,
   0.366325;2.077533;0.000000;,
   0.366325;2.077533;1.727455;,
   0.366325;2.077533;3.454911;,
   0.366325;2.077533;5.182366;,
   0.366325;2.077533;6.909822;,
   0.366325;2.077533;8.637277;;
   216;
   3;0,2,1;,
   3;0,3,2;,
   3;0,4,3;,
   3;0,5,4;,
   3;0,6,110;,
   3;0,7,6;,
   3;0,8,7;,
   3;0,9,8;,
   3;0,10,9;,
   3;0,11,10;,
   3;0,12,11;,
   3;0,13,12;,
   3;0,14,13;,
   3;0,15,14;,
   3;0,16,15;,
   3;0,17,16;,
   3;0,18,17;,
   3;0,1,18;,
   3;1,20,19;,
   3;1,2,20;,
   3;2,21,20;,
   3;2,3,21;,
   3;3,22,21;,
   3;3,4,22;,
   3;4,23,22;,
   3;4,5,23;,
   3;110,24,111;,
   3;110,6,24;,
   3;6,25,24;,
   3;6,7,25;,
   3;7,26,25;,
   3;7,8,26;,
   3;8,27,26;,
   3;8,9,27;,
   3;9,28,27;,
   3;9,10,28;,
   3;10,29,28;,
   3;10,11,29;,
   3;11,30,29;,
   3;11,12,30;,
   3;12,31,30;,
   3;12,13,31;,
   3;13,32,31;,
   3;13,14,32;,
   3;14,33,32;,
   3;14,15,33;,
   3;15,34,33;,
   3;15,16,34;,
   3;16,35,34;,
   3;16,17,35;,
   3;17,36,35;,
   3;17,18,36;,
   3;18,19,36;,
   3;18,1,19;,
   3;19,38,37;,
   3;19,20,38;,
   3;20,39,38;,
   3;20,21,39;,
   3;21,40,39;,
   3;21,22,40;,
   3;22,41,40;,
   3;22,23,41;,
   3;111,42,112;,
   3;111,24,42;,
   3;24,43,42;,
   3;24,25,43;,
   3;25,44,43;,
   3;25,26,44;,
   3;26,45,44;,
   3;26,27,45;,
   3;27,46,45;,
   3;27,28,46;,
   3;28,47,46;,
   3;28,29,47;,
   3;29,48,47;,
   3;29,30,48;,
   3;30,49,48;,
   3;30,31,49;,
   3;31,50,49;,
   3;31,32,50;,
   3;32,51,50;,
   3;32,33,51;,
   3;33,52,51;,
   3;33,34,52;,
   3;34,53,52;,
   3;34,35,53;,
   3;35,54,53;,
   3;35,36,54;,
   3;36,37,54;,
   3;36,19,37;,
   3;37,56,55;,
   3;37,38,56;,
   3;38,57,56;,
   3;38,39,57;,
   3;39,58,57;,
   3;39,40,58;,
   3;40,59,58;,
   3;40,41,59;,
   3;112,60,113;,
   3;112,42,60;,
   3;42,61,60;,
   3;42,43,61;,
   3;43,62,61;,
   3;43,44,62;,
   3;44,63,62;,
   3;44,45,63;,
   3;45,64,63;,
   3;45,46,64;,
   3;46,65,64;,
   3;46,47,65;,
   3;47,66,65;,
   3;47,48,66;,
   3;48,67,66;,
   3;48,49,67;,
   3;49,68,67;,
   3;49,50,68;,
   3;50,69,68;,
   3;50,51,69;,
   3;51,70,69;,
   3;51,52,70;,
   3;52,71,70;,
   3;52,53,71;,
   3;53,72,71;,
   3;53,54,72;,
   3;54,55,72;,
   3;54,37,55;,
   3;55,74,73;,
   3;55,56,74;,
   3;56,75,74;,
   3;56,57,75;,
   3;57,76,75;,
   3;57,58,76;,
   3;58,77,76;,
   3;58,59,77;,
   3;113,78,114;,
   3;113,60,78;,
   3;60,79,78;,
   3;60,61,79;,
   3;61,80,79;,
   3;61,62,80;,
   3;62,81,80;,
   3;62,63,81;,
   3;63,82,81;,
   3;63,64,82;,
   3;64,83,82;,
   3;64,65,83;,
   3;65,84,83;,
   3;65,66,84;,
   3;66,85,84;,
   3;66,67,85;,
   3;67,86,85;,
   3;67,68,86;,
   3;68,87,86;,
   3;68,69,87;,
   3;69,88,87;,
   3;69,70,88;,
   3;70,89,88;,
   3;70,71,89;,
   3;71,90,89;,
   3;71,72,90;,
   3;72,73,90;,
   3;72,55,73;,
   3;73,92,91;,
   3;73,74,92;,
   3;74,93,92;,
   3;74,75,93;,
   3;75,94,93;,
   3;75,76,94;,
   3;76,95,94;,
   3;76,77,95;,
   3;114,96,115;,
   3;114,78,96;,
   3;78,97,96;,
   3;78,79,97;,
   3;79,98,97;,
   3;79,80,98;,
   3;80,99,98;,
   3;80,81,99;,
   3;81,100,99;,
   3;81,82,100;,
   3;82,101,100;,
   3;82,83,101;,
   3;83,102,101;,
   3;83,84,102;,
   3;84,103,102;,
   3;84,85,103;,
   3;85,104,103;,
   3;85,86,104;,
   3;86,105,104;,
   3;86,87,105;,
   3;87,106,105;,
   3;87,88,106;,
   3;88,107,106;,
   3;88,89,107;,
   3;89,108,107;,
   3;89,90,108;,
   3;90,91,108;,
   3;90,73,91;,
   3;109,91,92;,
   3;109,92,93;,
   3;109,93,94;,
   3;109,94,95;,
   3;109,115,96;,
   3;109,96,97;,
   3;109,97,98;,
   3;109,98,99;,
   3;109,99,100;,
   3;109,100,101;,
   3;109,101,102;,
   3;109,102,103;,
   3;109,103,104;,
   3;109,104,105;,
   3;109,105,106;,
   3;109,106,107;,
   3;109,107,108;,
   3;109,108,91;;

   MeshNormals  {
    71;
    0.000000;0.000000;1.000000;,
    -0.998277;-0.058674;0.000000;,
    -0.939693;-0.342020;0.000000;,
    -1.000000;0.000000;0.000000;,
    -0.918006;-0.396567;0.000000;,
    -0.766044;-0.642788;0.000000;,
    -0.727009;-0.686627;0.000000;,
    -0.500000;-0.866025;0.000000;,
    -0.448325;-0.893871;0.000000;,
    -0.173648;-0.984808;0.000000;,
    -0.115566;-0.993300;0.000000;,
    0.173648;-0.984808;0.000000;,
    0.231132;-0.972922;0.000000;,
    0.500000;-0.866025;0.000000;,
    0.549952;-0.835196;0.000000;,
    0.766044;-0.642788;0.000000;,
    0.802440;-0.596733;0.000000;,
    0.939693;-0.342020;0.000000;,
    0.958142;-0.286295;0.000000;,
    1.000000;-0.000000;0.000000;,
    0.998277;0.058674;0.000000;,
    0.939693;0.342020;0.000000;,
    0.918006;0.396567;0.000000;,
    0.766045;0.642787;0.000000;,
    0.727010;0.686627;0.000000;,
    0.500000;0.866025;0.000000;,
    0.448325;0.893870;0.000000;,
    0.173649;0.984808;0.000000;,
    0.115566;0.993300;0.000000;,
    -0.173648;0.984808;0.000000;,
    -0.231132;0.972923;0.000000;,
    -0.499999;0.866026;0.000000;,
    -0.549952;0.835197;0.000000;,
    -0.766044;0.642788;0.000000;,
    -0.802439;0.596734;0.000000;,
    -0.939692;0.342021;0.000000;,
    -0.958141;0.286295;0.000000;,
    -1.000000;0.000000;0.000000;,
    -0.766044;-0.642788;0.000000;,
    -0.500000;-0.866025;0.000000;,
    0.173648;-0.984808;0.000000;,
    0.500000;-0.866025;0.000000;,
    1.000000;-0.000000;0.000000;,
    0.500000;0.866025;0.000000;,
    -0.173648;0.984808;0.000000;,
    -0.939692;0.342021;0.000000;,
    -1.000000;0.000000;0.000000;,
    0.766044;-0.642788;0.000000;,
    -0.499999;0.866026;0.000000;,
    -0.939693;-0.342020;0.000000;,
    -1.000000;0.000000;0.000000;,
    -0.939692;0.342021;0.000000;,
    -0.958142;-0.286295;0.000000;,
    -0.998277;0.058675;0.000000;,
    -0.802440;-0.596733;0.000000;,
    -0.549952;-0.835196;0.000000;,
    -0.231132;-0.972922;0.000000;,
    0.115566;-0.993300;0.000000;,
    0.448325;-0.893871;0.000000;,
    0.727010;-0.686627;0.000000;,
    0.918006;-0.396567;0.000000;,
    0.998277;-0.058675;0.000000;,
    0.958142;0.286295;0.000000;,
    0.802440;0.596733;0.000000;,
    0.549952;0.835196;0.000000;,
    0.231132;0.972922;0.000000;,
    -0.115566;0.993300;0.000000;,
    -0.448325;0.893871;0.000000;,
    -0.727009;0.686628;0.000000;,
    -0.918006;0.396567;0.000000;,
    0.000000;0.000000;-1.000000;;
    216;
    3;0,0,0;,
    3;0,0,0;,
    3;0,0,0;,
    3;0,0,0;,
    3;0,0,0;,
    3;0,0,0;,
    3;0,0,0;,
    3;0,0,0;,
    3;0,0,0;,
    3;0,0,0;,
    3;0,0,0;,
    3;0,0,0;,
    3;0,0,0;,
    3;0,0,0;,
    3;0,0,0;,
    3;0,0,0;,
    3;0,0,0;,
    3;0,0,0;,
    3;1,2,3;,
    3;1,4,2;,
    3;4,5,2;,
    3;4,6,5;,
    3;6,7,5;,
    3;6,8,7;,
    3;8,9,7;,
    3;8,10,9;,
    3;10,11,9;,
    3;10,12,11;,
    3;12,13,11;,
    3;12,14,13;,
    3;14,15,13;,
    3;14,16,15;,
    3;16,17,15;,
    3;16,18,17;,
    3;18,19,17;,
    3;18,20,19;,
    3;20,21,19;,
    3;20,22,21;,
    3;22,23,21;,
    3;22,24,23;,
    3;24,25,23;,
    3;24,26,25;,
    3;26,27,25;,
    3;26,28,27;,
    3;28,29,27;,
    3;28,30,29;,
    3;30,31,29;,
    3;30,32,31;,
    3;32,33,31;,
    3;32,34,33;,
    3;34,35,33;,
    3;34,36,35;,
    3;36,3,35;,
    3;36,1,3;,
    3;3,2,37;,
    3;3,2,2;,
    3;2,38,2;,
    3;2,5,38;,
    3;5,39,38;,
    3;5,7,39;,
    3;7,9,39;,
    3;7,9,9;,
    3;9,40,9;,
    3;9,11,40;,
    3;11,41,40;,
    3;11,13,41;,
    3;13,15,41;,
    3;13,15,15;,
    3;15,17,15;,
    3;15,17,17;,
    3;17,42,17;,
    3;17,19,42;,
    3;19,21,42;,
    3;19,21,21;,
    3;21,23,21;,
    3;21,23,23;,
    3;23,43,23;,
    3;23,25,43;,
    3;25,27,43;,
    3;25,27,27;,
    3;27,44,27;,
    3;27,29,44;,
    3;29,31,44;,
    3;29,31,31;,
    3;31,33,31;,
    3;31,33,33;,
    3;33,45,33;,
    3;33,35,45;,
    3;35,37,45;,
    3;35,3,37;,
    3;37,2,46;,
    3;37,2,2;,
    3;2,5,2;,
    3;2,38,5;,
    3;38,39,5;,
    3;38,39,39;,
    3;39,9,39;,
    3;39,9,9;,
    3;9,40,9;,
    3;9,40,40;,
    3;40,41,40;,
    3;40,41,41;,
    3;41,47,41;,
    3;41,15,47;,
    3;15,17,47;,
    3;15,17,17;,
    3;17,19,17;,
    3;17,42,19;,
    3;42,21,19;,
    3;42,21,21;,
    3;21,23,21;,
    3;21,23,23;,
    3;23,43,23;,
    3;23,43,43;,
    3;43,27,43;,
    3;43,27,27;,
    3;27,44,27;,
    3;27,44,44;,
    3;44,48,44;,
    3;44,31,48;,
    3;31,33,48;,
    3;31,33,33;,
    3;33,45,33;,
    3;33,45,45;,
    3;45,46,45;,
    3;45,37,46;,
    3;46,49,50;,
    3;46,2,49;,
    3;2,5,49;,
    3;2,5,5;,
    3;5,39,5;,
    3;5,39,39;,
    3;39,9,39;,
    3;39,9,9;,
    3;9,40,9;,
    3;9,40,40;,
    3;40,41,40;,
    3;40,41,41;,
    3;41,15,41;,
    3;41,47,15;,
    3;47,17,15;,
    3;47,17,17;,
    3;17,19,17;,
    3;17,19,19;,
    3;19,21,19;,
    3;19,21,21;,
    3;21,23,21;,
    3;21,23,23;,
    3;23,43,23;,
    3;23,43,43;,
    3;43,27,43;,
    3;43,27,27;,
    3;27,44,27;,
    3;27,44,44;,
    3;44,48,44;,
    3;44,48,48;,
    3;48,33,48;,
    3;48,33,33;,
    3;33,51,33;,
    3;33,45,51;,
    3;45,50,51;,
    3;45,46,50;,
    3;50,52,53;,
    3;50,49,52;,
    3;49,54,52;,
    3;49,5,54;,
    3;5,55,54;,
    3;5,39,55;,
    3;39,56,55;,
    3;39,9,56;,
    3;9,57,56;,
    3;9,40,57;,
    3;40,58,57;,
    3;40,41,58;,
    3;41,59,58;,
    3;41,15,59;,
    3;15,60,59;,
    3;15,17,60;,
    3;17,61,60;,
    3;17,19,61;,
    3;19,62,61;,
    3;19,21,62;,
    3;21,63,62;,
    3;21,23,63;,
    3;23,64,63;,
    3;23,43,64;,
    3;43,65,64;,
    3;43,27,65;,
    3;27,66,65;,
    3;27,44,66;,
    3;44,67,66;,
    3;44,48,67;,
    3;48,68,67;,
    3;48,33,68;,
    3;33,69,68;,
    3;33,51,69;,
    3;51,53,69;,
    3;51,50,53;,
    3;70,70,70;,
    3;70,70,70;,
    3;70,70,70;,
    3;70,70,70;,
    3;70,70,70;,
    3;70,70,70;,
    3;70,70,70;,
    3;70,70,70;,
    3;70,70,70;,
    3;70,70,70;,
    3;70,70,70;,
    3;70,70,70;,
    3;70,70,70;,
    3;70,70,70;,
    3;70,70,70;,
    3;70,70,70;,
    3;70,70,70;,
    3;70,70,70;;
   }

   MeshMaterialList  {
    1;
    216;
    0,
    0,
    0,
    0,
    0,
    0,
    0,
    0,
    0,
    0,
    0,
    0,
    0,
    0,
    0,
    0,
    0,
    0,
    0,
    0,
    0,
    0,
    0,
    0,
    0,
    0,
    0,
    0,
    0,
    0,
    0,
    0,
    0,
    0,
    0,
    0,
    0,
    0,
    0,
    0,
    0,
    0,
    0,
    0,
    0,
    0,
    0,
    0,
    0,
    0,
    0,
    0,
    0,
    0,
    0,
    0,
    0,
    0,
    0,
    0,
    0,
    0,
    0,
    0,
    0,
    0,
    0,
    0,
    0,
    0,
    0,
    0,
    0,
    0,
    0,
    0,
    0,
    0,
    0,
    0,
    0,
    0,
    0,
    0,
    0,
    0,
    0,
    0,
    0,
    0,
    0,
    0,
    0,
    0,
    0,
    0,
    0,
    0,
    0,
    0,
    0,
    0,
    0,
    0,
    0,
    0,
    0,
    0,
    0,
    0,
    0,
    0,
    0,
    0,
    0,
    0,
    0,
    0,
    0,
    0,
    0,
    0,
    0,
    0,
    0,
    0,
    0,
    0,
    0,
    0,
    0,
    0,
    0,
    0,
    0,
    0,
    0,
    0,
    0,
    0,
    0,
    0,
    0,
    0,
    0,
    0,
    0,
    0,
    0,
    0,
    0,
    0,
    0,
    0,
    0,
    0,
    0,
    0,
    0,
    0,
    0,
    0,
    0,
    0,
    0,
    0,
    0,
    0,
    0,
    0,
    0,
    0,
    0,
    0,
    0,
    0,
    0,
    0,
    0,
    0,
    0,
    0,
    0,
    0,
    0,
    0,
    0,
    0,
    0,
    0,
    0,
    0,
    0,
    0,
    0,
    0,
    0,
    0,
    0,
    0,
    0,
    0,
    0,
    0,
    0,
    0,
    0,
    0,
    0,
    0,
    0,
    0,
    0,
    0,
    0,
    0;

    Material {
     0.000000;0.109804;0.184314;1.000000;;
     0.000000;
     0.000000;0.109804;0.184314;;
     0.000000;0.000000;0.000000;;
    }
   }

   MeshTextureCoords  {
    116;
    0.500000;1.000000;,
    0.750000;1.000000;,
    0.805556;1.000000;,
    0.861111;1.000000;,
    0.916667;1.000000;,
    0.972222;1.000000;,
    0.027778;1.000000;,
    0.083333;1.000000;,
    0.138889;1.000000;,
    0.194444;1.000000;,
    0.250000;1.000000;,
    0.305556;1.000000;,
    0.361111;1.000000;,
    0.416667;1.000000;,
    0.472222;1.000000;,
    0.527778;1.000000;,
    0.583333;1.000000;,
    0.638889;1.000000;,
    0.694444;1.000000;,
    0.750000;0.800000;,
    0.805556;0.800000;,
    0.861111;0.800000;,
    0.916667;0.800000;,
    0.972222;0.800000;,
    0.027778;0.800000;,
    0.083333;0.800000;,
    0.138889;0.800000;,
    0.194444;0.800000;,
    0.250000;0.800000;,
    0.305556;0.800000;,
    0.361111;0.800000;,
    0.416667;0.800000;,
    0.472222;0.800000;,
    0.527778;0.800000;,
    0.583333;0.800000;,
    0.638889;0.800000;,
    0.694444;0.800000;,
    0.750000;0.600000;,
    0.805556;0.600000;,
    0.861111;0.600000;,
    0.916667;0.600000;,
    0.972222;0.600000;,
    0.027778;0.600000;,
    0.083333;0.600000;,
    0.138889;0.600000;,
    0.194444;0.600000;,
    0.250000;0.600000;,
    0.305556;0.600000;,
    0.361111;0.600000;,
    0.416667;0.600000;,
    0.472222;0.600000;,
    0.527778;0.600000;,
    0.583333;0.600000;,
    0.638889;0.600000;,
    0.694444;0.600000;,
    0.750000;0.400000;,
    0.805556;0.400000;,
    0.861111;0.400000;,
    0.916667;0.400000;,
    0.972222;0.400000;,
    0.027778;0.400000;,
    0.083333;0.400000;,
    0.138889;0.400000;,
    0.194444;0.400000;,
    0.250000;0.400000;,
    0.305556;0.400000;,
    0.361111;0.400000;,
    0.416667;0.400000;,
    0.472222;0.400000;,
    0.527778;0.400000;,
    0.583333;0.400000;,
    0.638889;0.400000;,
    0.694444;0.400000;,
    0.750000;0.200000;,
    0.805556;0.200000;,
    0.861111;0.200000;,
    0.916667;0.200000;,
    0.972222;0.200000;,
    0.027778;0.200000;,
    0.083333;0.200000;,
    0.138889;0.200000;,
    0.194444;0.200000;,
    0.250000;0.200000;,
    0.305556;0.200000;,
    0.361111;0.200000;,
    0.416667;0.200000;,
    0.472222;0.200000;,
    0.527778;0.200000;,
    0.583333;0.200000;,
    0.638889;0.200000;,
    0.694444;0.200000;,
    0.750000;0.000000;,
    0.805556;0.000000;,
    0.861111;0.000000;,
    0.916667;0.000000;,
    0.972222;0.000000;,
    0.027778;0.000000;,
    0.083333;0.000000;,
    0.138889;0.000000;,
    0.194444;0.000000;,
    0.250000;0.000000;,
    0.305556;0.000000;,
    0.361111;0.000000;,
    0.416667;0.000000;,
    0.472222;0.000000;,
    0.527778;0.000000;,
    0.583333;0.000000;,
    0.638889;0.000000;,
    0.694444;0.000000;,
    0.500000;0.000000;,
    -0.027778;1.000000;,
    -0.027778;0.800000;,
    -0.027778;0.600000;,
    -0.027778;0.400000;,
    -0.027778;0.200000;,
    -0.027778;0.000000;;
   }
  }
 }
}

AnimationSet Anim-1 {
 

 Animation Anim-Cylinder01 {
  
  { Cylinder01 }

  AnimationKey {
   4;
   101;
   0;16;0.582027,-0.813169,0.000000,0.000000,-0.049131,-0.035166,0.998173,0.000000,-0.811683,-0.580964,-0.060419,0.000000,0.354477,1.534851,0.000000,1.000000;;,
   160;16;0.582027,-0.813169,0.000000,0.000000,-0.049131,-0.035166,0.998173,0.000000,-0.811683,-0.580964,-0.060419,0.000000,0.354477,1.534851,0.000000,1.000000;;,
   320;16;0.582027,-0.813169,0.000000,0.000000,-0.049131,-0.035166,0.998173,0.000000,-0.811683,-0.580964,-0.060419,0.000000,0.354477,1.534851,0.000000,1.000000;;,
   480;16;0.582027,-0.813169,0.000000,0.000000,-0.049131,-0.035166,0.998173,0.000000,-0.811683,-0.580964,-0.060419,0.000000,0.354477,1.534851,0.000000,1.000000;;,
   640;16;0.582027,-0.813169,0.000000,0.000000,-0.049131,-0.035166,0.998173,0.000000,-0.811683,-0.580964,-0.060419,0.000000,0.354477,1.534851,0.000000,1.000000;;,
   800;16;0.582027,-0.813169,0.000000,0.000000,-0.049131,-0.035166,0.998173,0.000000,-0.811683,-0.580964,-0.060419,0.000000,0.354477,1.534851,0.000000,1.000000;;,
   960;16;0.582027,-0.813169,0.000000,0.000000,-0.049131,-0.035166,0.998173,0.000000,-0.811683,-0.580964,-0.060419,0.000000,0.354477,1.534851,0.000000,1.000000;;,
   1120;16;0.582027,-0.813169,0.000000,0.000000,-0.049131,-0.035166,0.998173,0.000000,-0.811683,-0.580964,-0.060419,0.000000,0.354477,1.534851,0.000000,1.000000;;,
   1280;16;0.582027,-0.813169,0.000000,0.000000,-0.049131,-0.035166,0.998173,0.000000,-0.811683,-0.580964,-0.060419,0.000000,0.354477,1.534851,0.000000,1.000000;;,
   1440;16;0.582027,-0.813169,0.000000,0.000000,-0.049131,-0.035166,0.998173,0.000000,-0.811683,-0.580964,-0.060419,0.000000,0.354477,1.534851,0.000000,1.000000;;,
   1600;16;0.582027,-0.813169,0.000000,0.000000,-0.049131,-0.035166,0.998173,0.000000,-0.811683,-0.580964,-0.060419,0.000000,0.354477,1.534851,0.000000,1.000000;;,
   1760;16;0.582027,-0.813169,0.000000,0.000000,-0.049131,-0.035166,0.998173,0.000000,-0.811683,-0.580964,-0.060419,0.000000,0.354477,1.534851,0.000000,1.000000;;,
   1920;16;0.582027,-0.813169,0.000000,0.000000,-0.049131,-0.035166,0.998173,0.000000,-0.811683,-0.580964,-0.060419,0.000000,0.354477,1.534851,0.000000,1.000000;;,
   2080;16;0.582027,-0.813169,0.000000,0.000000,-0.049131,-0.035166,0.998173,0.000000,-0.811683,-0.580964,-0.060419,0.000000,0.354477,1.534851,0.000000,1.000000;;,
   2240;16;0.582027,-0.813169,0.000000,0.000000,-0.049131,-0.035166,0.998173,0.000000,-0.811683,-0.580964,-0.060419,0.000000,0.354477,1.534851,0.000000,1.000000;;,
   2400;16;0.582027,-0.813169,0.000000,0.000000,-0.049131,-0.035166,0.998173,0.000000,-0.811683,-0.580964,-0.060419,0.000000,0.354477,1.534851,0.000000,1.000000;;,
   2560;16;0.582027,-0.813169,0.000000,0.000000,-0.049131,-0.035166,0.998173,0.000000,-0.811683,-0.580964,-0.060419,0.000000,0.354477,1.534851,0.000000,1.000000;;,
   2720;16;0.582027,-0.813169,0.000000,0.000000,-0.049131,-0.035166,0.998173,0.000000,-0.811683,-0.580964,-0.060419,0.000000,0.354477,1.534851,0.000000,1.000000;;,
   2880;16;0.582027,-0.813169,0.000000,0.000000,-0.049131,-0.035166,0.998173,0.000000,-0.811683,-0.580964,-0.060419,0.000000,0.354477,1.534851,0.000000,1.000000;;,
   3040;16;0.582027,-0.813169,0.000000,0.000000,-0.049131,-0.035166,0.998173,0.000000,-0.811683,-0.580964,-0.060419,0.000000,0.354477,1.534851,0.000000,1.000000;;,
   3200;16;0.582027,-0.813169,0.000000,0.000000,-0.049131,-0.035166,0.998173,0.000000,-0.811683,-0.580964,-0.060419,0.000000,0.354477,1.534851,0.000000,1.000000;;,
   3360;16;0.582027,-0.813169,0.000000,0.000000,-0.049131,-0.035166,0.998173,0.000000,-0.811683,-0.580964,-0.060419,0.000000,0.354477,1.534851,0.000000,1.000000;;,
   3520;16;0.582027,-0.813169,0.000000,0.000000,-0.049131,-0.035166,0.998173,0.000000,-0.811683,-0.580964,-0.060419,0.000000,0.354477,1.534851,0.000000,1.000000;;,
   3680;16;0.582027,-0.813169,0.000000,0.000000,-0.049131,-0.035166,0.998173,0.000000,-0.811683,-0.580964,-0.060419,0.000000,0.354477,1.534851,0.000000,1.000000;;,
   3840;16;0.582027,-0.813169,0.000000,0.000000,-0.049131,-0.035166,0.998173,0.000000,-0.811683,-0.580964,-0.060419,0.000000,0.354477,1.534851,0.000000,1.000000;;,
   4000;16;0.582027,-0.813169,0.000000,0.000000,-0.049131,-0.035166,0.998173,0.000000,-0.811683,-0.580964,-0.060419,0.000000,0.354477,1.534851,0.000000,1.000000;;,
   4160;16;0.582027,-0.813169,0.000000,0.000000,-0.049131,-0.035166,0.998173,0.000000,-0.811683,-0.580964,-0.060419,0.000000,0.354477,1.534851,0.000000,1.000000;;,
   4320;16;0.582027,-0.813169,0.000000,0.000000,-0.049131,-0.035166,0.998173,0.000000,-0.811683,-0.580964,-0.060419,0.000000,0.354477,1.534851,0.000000,1.000000;;,
   4480;16;0.582027,-0.813169,0.000000,0.000000,-0.049131,-0.035166,0.998173,0.000000,-0.811683,-0.580964,-0.060419,0.000000,0.354477,1.534851,0.000000,1.000000;;,
   4640;16;0.582027,-0.813169,0.000000,0.000000,-0.049131,-0.035166,0.998173,0.000000,-0.811683,-0.580964,-0.060419,0.000000,0.354477,1.534851,0.000000,1.000000;;,
   4800;16;0.582027,-0.813169,0.000000,0.000000,-0.049131,-0.035166,0.998173,0.000000,-0.811683,-0.580964,-0.060419,0.000000,0.354477,1.534851,0.000000,1.000000;;,
   4960;16;0.582027,-0.813169,0.000000,0.000000,-0.049131,-0.035166,0.998173,0.000000,-0.811683,-0.580964,-0.060419,0.000000,0.354477,1.534851,0.000000,1.000000;;,
   5120;16;0.582027,-0.813169,0.000000,0.000000,-0.049131,-0.035166,0.998173,0.000000,-0.811683,-0.580964,-0.060419,0.000000,0.354477,1.534851,0.000000,1.000000;;,
   5280;16;0.582027,-0.813169,0.000000,0.000000,-0.049131,-0.035166,0.998173,0.000000,-0.811683,-0.580964,-0.060419,0.000000,0.354477,1.534851,0.000000,1.000000;;,
   5440;16;0.582027,-0.813169,0.000000,0.000000,-0.049131,-0.035166,0.998173,0.000000,-0.811683,-0.580964,-0.060419,0.000000,0.354477,1.534851,0.000000,1.000000;;,
   5600;16;0.582027,-0.813169,0.000000,0.000000,-0.049131,-0.035166,0.998173,0.000000,-0.811683,-0.580964,-0.060419,0.000000,0.354477,1.534851,0.000000,1.000000;;,
   5760;16;0.582027,-0.813169,0.000000,0.000000,-0.049131,-0.035166,0.998173,0.000000,-0.811683,-0.580964,-0.060419,0.000000,0.354477,1.534851,0.000000,1.000000;;,
   5920;16;0.582027,-0.813169,0.000000,0.000000,-0.049131,-0.035166,0.998173,0.000000,-0.811683,-0.580964,-0.060419,0.000000,0.354477,1.534851,0.000000,1.000000;;,
   6080;16;0.582027,-0.813169,0.000000,0.000000,-0.049131,-0.035166,0.998173,0.000000,-0.811683,-0.580964,-0.060419,0.000000,0.354477,1.534851,0.000000,1.000000;;,
   6240;16;0.582027,-0.813169,0.000000,0.000000,-0.049131,-0.035166,0.998173,0.000000,-0.811683,-0.580964,-0.060419,0.000000,0.354477,1.534851,0.000000,1.000000;;,
   6400;16;0.582027,-0.813169,0.000000,0.000000,-0.049131,-0.035166,0.998173,0.000000,-0.811683,-0.580964,-0.060419,0.000000,0.354477,1.534851,0.000000,1.000000;;,
   6560;16;0.582027,-0.813169,0.000000,0.000000,-0.049131,-0.035166,0.998173,0.000000,-0.811683,-0.580964,-0.060419,0.000000,0.354477,1.534851,0.000000,1.000000;;,
   6720;16;0.582027,-0.813169,0.000000,0.000000,-0.049131,-0.035166,0.998173,0.000000,-0.811683,-0.580964,-0.060419,0.000000,0.354477,1.534851,0.000000,1.000000;;,
   6880;16;0.582027,-0.813169,0.000000,0.000000,-0.049131,-0.035166,0.998173,0.000000,-0.811683,-0.580964,-0.060419,0.000000,0.354477,1.534851,0.000000,1.000000;;,
   7040;16;0.582027,-0.813169,0.000000,0.000000,-0.049131,-0.035166,0.998173,0.000000,-0.811683,-0.580964,-0.060419,0.000000,0.354477,1.534851,0.000000,1.000000;;,
   7200;16;0.582027,-0.813169,0.000000,0.000000,-0.049131,-0.035166,0.998173,0.000000,-0.811683,-0.580964,-0.060419,0.000000,0.354477,1.534851,0.000000,1.000000;;,
   7360;16;0.582027,-0.813169,0.000000,0.000000,-0.049131,-0.035166,0.998173,0.000000,-0.811683,-0.580964,-0.060419,0.000000,0.354477,1.534851,0.000000,1.000000;;,
   7520;16;0.582027,-0.813169,0.000000,0.000000,-0.049131,-0.035166,0.998173,0.000000,-0.811683,-0.580964,-0.060419,0.000000,0.354477,1.534851,0.000000,1.000000;;,
   7680;16;0.582027,-0.813169,0.000000,0.000000,-0.049131,-0.035166,0.998173,0.000000,-0.811683,-0.580964,-0.060419,0.000000,0.354477,1.534851,0.000000,1.000000;;,
   7840;16;0.582027,-0.813169,0.000000,0.000000,-0.049131,-0.035166,0.998173,0.000000,-0.811683,-0.580964,-0.060419,0.000000,0.354477,1.534851,0.000000,1.000000;;,
   8000;16;0.582027,-0.813169,0.000000,0.000000,-0.049131,-0.035166,0.998173,0.000000,-0.811683,-0.580964,-0.060419,0.000000,0.354477,1.534851,0.000000,1.000000;;,
   8160;16;0.582027,-0.813169,0.000000,0.000000,-0.049131,-0.035166,0.998173,0.000000,-0.811683,-0.580964,-0.060419,0.000000,0.354477,1.534851,0.000000,1.000000;;,
   8320;16;0.582027,-0.813169,0.000000,0.000000,-0.049131,-0.035166,0.998173,0.000000,-0.811683,-0.580964,-0.060419,0.000000,0.354477,1.534851,0.000000,1.000000;;,
   8480;16;0.582027,-0.813169,0.000000,0.000000,-0.049131,-0.035166,0.998173,0.000000,-0.811683,-0.580964,-0.060419,0.000000,0.354477,1.534851,0.000000,1.000000;;,
   8640;16;0.582027,-0.813169,0.000000,0.000000,-0.049131,-0.035166,0.998173,0.000000,-0.811683,-0.580964,-0.060419,0.000000,0.354477,1.534851,0.000000,1.000000;;,
   8800;16;0.582027,-0.813169,0.000000,0.000000,-0.049131,-0.035166,0.998173,0.000000,-0.811683,-0.580964,-0.060419,0.000000,0.354477,1.534851,0.000000,1.000000;;,
   8960;16;0.582027,-0.813169,0.000000,0.000000,-0.049131,-0.035166,0.998173,0.000000,-0.811683,-0.580964,-0.060419,0.000000,0.354477,1.534851,0.000000,1.000000;;,
   9120;16;0.582027,-0.813169,0.000000,0.000000,-0.049131,-0.035166,0.998173,0.000000,-0.811683,-0.580964,-0.060419,0.000000,0.354477,1.534851,0.000000,1.000000;;,
   9280;16;0.582027,-0.813169,0.000000,0.000000,-0.049131,-0.035166,0.998173,0.000000,-0.811683,-0.580964,-0.060419,0.000000,0.354477,1.534851,0.000000,1.000000;;,
   9440;16;0.582027,-0.813169,0.000000,0.000000,-0.049131,-0.035166,0.998173,0.000000,-0.811683,-0.580964,-0.060419,0.000000,0.354477,1.534851,0.000000,1.000000;;,
   9600;16;0.582027,-0.813169,0.000000,0.000000,-0.049131,-0.035166,0.998173,0.000000,-0.811683,-0.580964,-0.060419,0.000000,0.354477,1.534851,0.000000,1.000000;;,
   9760;16;0.582027,-0.813169,0.000000,0.000000,-0.049131,-0.035166,0.998173,0.000000,-0.811683,-0.580964,-0.060419,0.000000,0.354477,1.534851,0.000000,1.000000;;,
   9920;16;0.582027,-0.813169,0.000000,0.000000,-0.049131,-0.035166,0.998173,0.000000,-0.811683,-0.580964,-0.060419,0.000000,0.354477,1.534851,0.000000,1.000000;;,
   10080;16;0.582027,-0.813169,0.000000,0.000000,-0.049131,-0.035166,0.998173,0.000000,-0.811683,-0.580964,-0.060419,0.000000,0.354477,1.534851,0.000000,1.000000;;,
   10240;16;0.582027,-0.813169,0.000000,0.000000,-0.049131,-0.035166,0.998173,0.000000,-0.811683,-0.580964,-0.060419,0.000000,0.354477,1.534851,0.000000,1.000000;;,
   10400;16;0.582027,-0.813169,0.000000,0.000000,-0.049131,-0.035166,0.998173,0.000000,-0.811683,-0.580964,-0.060419,0.000000,0.354477,1.534851,0.000000,1.000000;;,
   10560;16;0.582027,-0.813169,0.000000,0.000000,-0.049131,-0.035166,0.998173,0.000000,-0.811683,-0.580964,-0.060419,0.000000,0.354477,1.534851,0.000000,1.000000;;,
   10720;16;0.582027,-0.813169,0.000000,0.000000,-0.049131,-0.035166,0.998173,0.000000,-0.811683,-0.580964,-0.060419,0.000000,0.354477,1.534851,0.000000,1.000000;;,
   10880;16;0.582027,-0.813169,0.000000,0.000000,-0.049131,-0.035166,0.998173,0.000000,-0.811683,-0.580964,-0.060419,0.000000,0.354477,1.534851,0.000000,1.000000;;,
   11040;16;0.582027,-0.813169,0.000000,0.000000,-0.049131,-0.035166,0.998173,0.000000,-0.811683,-0.580964,-0.060419,0.000000,0.354477,1.534851,0.000000,1.000000;;,
   11200;16;0.582027,-0.813169,0.000000,0.000000,-0.049131,-0.035166,0.998173,0.000000,-0.811683,-0.580964,-0.060419,0.000000,0.354477,1.534851,0.000000,1.000000;;,
   11360;16;0.582027,-0.813169,0.000000,0.000000,-0.049131,-0.035166,0.998173,0.000000,-0.811683,-0.580964,-0.060419,0.000000,0.354477,1.534851,0.000000,1.000000;;,
   11520;16;0.582027,-0.813169,0.000000,0.000000,-0.049131,-0.035166,0.998173,0.000000,-0.811683,-0.580964,-0.060419,0.000000,0.354477,1.534851,0.000000,1.000000;;,
   11680;16;0.582027,-0.813169,0.000000,0.000000,-0.049131,-0.035166,0.998173,0.000000,-0.811683,-0.580964,-0.060419,0.000000,0.354477,1.534851,0.000000,1.000000;;,
   11840;16;0.582027,-0.813169,0.000000,0.000000,-0.049131,-0.035166,0.998173,0.000000,-0.811683,-0.580964,-0.060419,0.000000,0.354477,1.534851,0.000000,1.000000;;,
   12000;16;0.582027,-0.813169,0.000000,0.000000,-0.049131,-0.035166,0.998173,0.000000,-0.811683,-0.580964,-0.060419,0.000000,0.354477,1.534851,0.000000,1.000000;;,
   12160;16;0.582027,-0.813169,0.000000,0.000000,-0.049131,-0.035166,0.998173,0.000000,-0.811683,-0.580964,-0.060419,0.000000,0.354477,1.534851,0.000000,1.000000;;,
   12320;16;0.582027,-0.813169,0.000000,0.000000,-0.049131,-0.035166,0.998173,0.000000,-0.811683,-0.580964,-0.060419,0.000000,0.354477,1.534851,0.000000,1.000000;;,
   12480;16;0.582027,-0.813169,0.000000,0.000000,-0.049131,-0.035166,0.998173,0.000000,-0.811683,-0.580964,-0.060419,0.000000,0.354477,1.534851,0.000000,1.000000;;,
   12640;16;0.582027,-0.813169,0.000000,0.000000,-0.049131,-0.035166,0.998173,0.000000,-0.811683,-0.580964,-0.060419,0.000000,0.354477,1.534851,0.000000,1.000000;;,
   12800;16;0.582027,-0.813169,0.000000,0.000000,-0.049131,-0.035166,0.998173,0.000000,-0.811683,-0.580964,-0.060419,0.000000,0.354477,1.534851,0.000000,1.000000;;,
   12960;16;0.582027,-0.813169,0.000000,0.000000,-0.049131,-0.035166,0.998173,0.000000,-0.811683,-0.580964,-0.060419,0.000000,0.354477,1.534851,0.000000,1.000000;;,
   13120;16;0.582027,-0.813169,0.000000,0.000000,-0.049131,-0.035166,0.998173,0.000000,-0.811683,-0.580964,-0.060419,0.000000,0.354477,1.534851,0.000000,1.000000;;,
   13280;16;0.582027,-0.813169,0.000000,0.000000,-0.049131,-0.035166,0.998173,0.000000,-0.811683,-0.580964,-0.060419,0.000000,0.354477,1.534851,0.000000,1.000000;;,
   13440;16;0.582027,-0.813169,0.000000,0.000000,-0.049131,-0.035166,0.998173,0.000000,-0.811683,-0.580964,-0.060419,0.000000,0.354477,1.534851,0.000000,1.000000;;,
   13600;16;0.582027,-0.813169,0.000000,0.000000,-0.049131,-0.035166,0.998173,0.000000,-0.811683,-0.580964,-0.060419,0.000000,0.354477,1.534851,0.000000,1.000000;;,
   13760;16;0.582027,-0.813169,0.000000,0.000000,-0.049131,-0.035166,0.998173,0.000000,-0.811683,-0.580964,-0.060419,0.000000,0.354477,1.534851,0.000000,1.000000;;,
   13920;16;0.582027,-0.813169,0.000000,0.000000,-0.049131,-0.035166,0.998173,0.000000,-0.811683,-0.580964,-0.060419,0.000000,0.354477,1.534851,0.000000,1.000000;;,
   14080;16;0.582027,-0.813169,0.000000,0.000000,-0.049131,-0.035166,0.998173,0.000000,-0.811683,-0.580964,-0.060419,0.000000,0.354477,1.534851,0.000000,1.000000;;,
   14240;16;0.582027,-0.813169,0.000000,0.000000,-0.049131,-0.035166,0.998173,0.000000,-0.811683,-0.580964,-0.060419,0.000000,0.354477,1.534851,0.000000,1.000000;;,
   14400;16;0.582027,-0.813169,0.000000,0.000000,-0.049131,-0.035166,0.998173,0.000000,-0.811683,-0.580964,-0.060419,0.000000,0.354477,1.534851,0.000000,1.000000;;,
   14560;16;0.582027,-0.813169,0.000000,0.000000,-0.049131,-0.035166,0.998173,0.000000,-0.811683,-0.580964,-0.060419,0.000000,0.354477,1.534851,0.000000,1.000000;;,
   14720;16;0.582027,-0.813169,0.000000,0.000000,-0.049131,-0.035166,0.998173,0.000000,-0.811683,-0.580964,-0.060419,0.000000,0.354477,1.534851,0.000000,1.000000;;,
   14880;16;0.582027,-0.813169,0.000000,0.000000,-0.049131,-0.035166,0.998173,0.000000,-0.811683,-0.580964,-0.060419,0.000000,0.354477,1.534851,0.000000,1.000000;;,
   15040;16;0.582027,-0.813169,0.000000,0.000000,-0.049131,-0.035166,0.998173,0.000000,-0.811683,-0.580964,-0.060419,0.000000,0.354477,1.534851,0.000000,1.000000;;,
   15200;16;0.582027,-0.813169,0.000000,0.000000,-0.049131,-0.035166,0.998173,0.000000,-0.811683,-0.580964,-0.060419,0.000000,0.354477,1.534851,0.000000,1.000000;;,
   15360;16;0.582027,-0.813169,0.000000,0.000000,-0.049131,-0.035166,0.998173,0.000000,-0.811683,-0.580964,-0.060419,0.000000,0.354477,1.534851,0.000000,1.000000;;,
   15520;16;0.582027,-0.813169,0.000000,0.000000,-0.049131,-0.035166,0.998173,0.000000,-0.811683,-0.580964,-0.060419,0.000000,0.354477,1.534851,0.000000,1.000000;;,
   15680;16;0.582027,-0.813169,0.000000,0.000000,-0.049131,-0.035166,0.998173,0.000000,-0.811683,-0.580964,-0.060419,0.000000,0.354477,1.534851,0.000000,1.000000;;,
   15840;16;0.582027,-0.813169,0.000000,0.000000,-0.049131,-0.035166,0.998173,0.000000,-0.811683,-0.580964,-0.060419,0.000000,0.354477,1.534851,0.000000,1.000000;;,
   16000;16;0.582027,-0.813169,0.000000,0.000000,-0.049131,-0.035166,0.998173,0.000000,-0.811683,-0.580964,-0.060419,0.000000,0.354477,1.534851,0.000000,1.000000;;;
  }
 }
}